>MA2246.1	Jra	8.5
0.582164	0.232465	0.139279	0.046092
0.000000	0.000000	0.000000	1.000000
0.000000	0.000000	0.767768	0.232232
1.000000	0.000000	0.000000	0.000000
0.093093	0.418418	0.488488	0.000000
0.000000	0.000000	0.023023	0.976977
0.000000	1.000000	0.000000	0.000000
1.000000	0.000000	0.000000	0.000000
0.000000	0.558559	0.023023	0.418418
0.069138	0.605210	0.232465	0.093186
>MA2238.1	GATAe	8.5
0.308617	0.477956	0.025050	0.188377
0.000000	0.000000	1.000000	0.000000
1.000000	0.000000	0.000000	0.000000
0.000000	0.000000	0.000000	1.000000
1.000000	0.000000	0.000000	0.000000
1.000000	0.000000	0.000000	0.000000
0.024048	0.421844	0.505010	0.049098
>MA0531.2	CTCF	8.5
0.135121	0.375394	0.045741	0.443743
0.806519	0.000526	0.100946	0.092008
0.106204	0.000000	0.893796	0.000000
0.518927	0.000000	0.479495	0.001577
0.001052	0.002103	0.163512	0.833333
0.000000	0.000000	1.000000	0.000000
0.001052	0.000000	0.868559	0.130389
0.065195	0.864879	0.001577	0.068349
0.000526	0.000000	0.950053	0.049422
0.041535	0.796004	0.004206	0.158254
>MA2194.1	Atf6	8.5
0.104104	0.175175	0.113113	0.607608
0.074223	0.065196	0.807422	0.053159
0.515030	0.137275	0.336673	0.011022
0.000000	0.004004	0.000000	0.995996
0.000000	0.001002	0.982966	0.016032
0.996994	0.002004	0.001002	0.000000
0.000000	0.997998	0.002002	0.000000
0.000000	0.000000	1.000000	0.000000
0.000000	0.000000	0.000000	1.000000
0.010020	0.061122	0.924850	0.004008
0.002006	0.000000	0.700100	0.297894
0.012024	0.967936	0.005010	0.015030
0.730461	0.033066	0.164329	0.072144
>MA2209.1	CrebA	8.5
0.080435	0.123913	0.111594	0.684058
0.051936	0.010387	0.891407	0.046270
0.165225	0.816609	0.007785	0.010381
0.069210	0.837622	0.036380	0.056788
0.992639	0.002103	0.004206	0.001052
0.002110	0.995781	0.001055	0.001055
0.004215	0.000000	0.994731	0.001054
0.001043	0.008342	0.006257	0.984359
0.058719	0.031139	0.839858	0.070285
0.013664	0.005978	0.806149	0.174210
0.037629	0.888053	0.011289	0.063029
0.682081	0.111272	0.122110	0.084538
>MA2255.1	Max	8.5
0.542084	0.208417	0.041082	0.208417
0.000000	0.833834	0.125125	0.041041
0.000000	1.000000	0.000000	0.000000
1.000000	0.000000	0.000000	0.000000
0.000000	0.958959	0.000000	0.041041
0.000000	0.000000	1.000000	0.000000
0.000000	0.000000	0.000000	1.000000
0.000000	0.000000	1.000000	0.000000
>MA0249.3	twi	8.5
0.891920	0.057320	0.023826	0.026934
0.005180	0.968232	0.008287	0.018301
0.982044	0.008978	0.003798	0.005180
0.005525	0.699240	0.053177	0.242058
0.940262	0.019682	0.028660	0.011395
0.010704	0.023826	0.015884	0.949586
0.047307	0.018646	0.922307	0.011740
>MA1456.2	Dref	8.5
0.000000	0.000000	0.000000	1.000000
1.000000	0.000000	0.000000	0.000000
0.000000	0.000000	0.000000	1.000000
0.000000	1.000000	0.000000	0.000000
0.000000	0.000000	1.000000	0.000000
1.000000	0.000000	0.000000	0.000000
0.117931	0.053342	0.039203	0.789524
0.586440	0.060411	0.147494	0.205656
